20061211 32790 
20061212 32790
20061213 32800
20061214 32842
20061215 32854
20061216 32870
20061217 32896
20061218 32945
20061219 32958
20061220 32967
20061221 32996
20061222 33030
20061223 32972
20061224 33087
20061225 33130
20061226 33162
20070108 33247
20070109 33264
20070110 33289
20070112 33289
20070113 33341
20070114 33355
20070115 33369
20070116 33401
20070117 33441
20070118 33473
20070119 33473
20070121 33515
20070123 33562
20070124 33562
20070125 33595
20070126 33616
20070127 33636
20070128 33636
20070206 33713
20070207 33723
20070208 33740
20070209 33757
20070210 33773
20070211 33776
20070212 33803
20070213 33894
20070214 33894
20070215 33894
20070216 33894
20070217 33894
20070218 33894
20070218 33912
20070219 33912
20070221 33912
20070222 33993
20070224 33894
20070225 33993
20070308 34104
20070309 34117
20070310 34117
20070311 34162
20070312 34177
20070313 34212
20070314 34235
20070315 34281
20070316 34321
20070317 34363
20070318 34378
20070319 34415
20070320 34432
20070321 33894
20070327 33894
20070407 35051
20070408 35051
20070409 35051
20070410 35051
20070411 35051
20070412 35051
20070414 35051
20070415 35051
20070416 35051
20070418 35051
20070420 35051
20070422 35051
20070423 35051
20070424 35065
20070425 35084
20070506 35155
20070507 35155
20070508 35155
20070509 35170
20070511 35200
20070512 35222
20070513 35246
20070514 35268
20070515 35304
20070516 35324
20070517 35349
20070518 35368
20070519 35386
20070520 35405
20070521 35430
20070522 35441
20070523 35449
20070524 35458
20070525 35495
20070605 35510
20070606 35519
20070607 35533
20070608 35547
20070609 35585
20070610 35607
20070611 35622
20070612 35622
20070613 35666
20070614 35693
20070615 35718
20070616 35740
20070617 35770
20070618 35794
20070619 35794
20070620 35842
20070621 35876
20070622 35876
20070622 35876
20070623 35887
20070624 35900
20070625 35900
20070626 35900
20070709 35900
20070710 35900
20070905 36240
20070909 36240
20070910 36240
20070911 36286
20070912 36286
20070913 36392
20070914 36448
20070915 36480
20070916 36513
20070917 36513
20070918 36513
20070919 36601
20070920 36633
20071005 36758
20071006 36820
20071007 36858
20071008 36953
20071009 36953
20071010 37034
20071011 37034
20071129 38369
20071213 38369
20071402 33894
20211114 100539
